=============================================================================
CaniNES supported mappers (iNES 1.0)
=============================================================================
 .  : not implemented
--- : no known roms
=== : bad mappers
-----------------------------------------------------------------
| 0 | 1 | 2 | 3 | 4 | 5 | 6 | 7 | 8 | 9 | 10| 11| . | 13| . | 15|
| 16| 17| 18| 19|===| 21| 22| 23| 24| 25| 26| 27| 28| . | 30| . |
| 32| 33| 34| . | 36| 37| 38| 39| 40| 41| 42| 43| 44| 45| 46| 47|
| 48| 49| . | . | 52| 53| . |---| 56| 57| 58| 59| 60| 61| 62| . |
| 64| 65| 66| 67| 68| 69| 70| 71| 72| 73| 74| 75| 76| . | 78| 79|
| 80| . | 82| 83|===| 85| 86| 87| 88| . | 90| 91| 92| 93| 94| 95|
| 96| . |---| . |===|101|===| . | . |105| . | . | . |===|===|111|
|112|113|114|115| . |117|118|119| . |121|===| . | . | . | . | . |
| . |===|===|===|132|133| . |===|136|137|138|139| . |141|142|143|
|144| . | . |147|148|149|150| . |152|153|154|155|156|157|158|159|
|===|===| . | . | . | . | . | . |168| . | . | . |172|173| . | . |
| . |177| . | . |180|===|182| . |184|185| . |187| . |189|190|191|
|192|193|194|195| . | . | . | . | . | . | . | . | . | . |206|207|
| . |209|210|211| . | . | . | . |216| . | . | . | . | . |222|---|
| . |225|226|227|228|229|230|231|232|233|234|235| . | . | . |===|
|240|241| . |243|244|245|246|---|===| . |250|===| . | . | . |255|
-----------------------------------------------------------------

=============================================================================
Mesen supported mappers (iNES 1.0)
=============================================================================
 .  : not implemented
--- : no known roms
=== : bad mappers
-----------------------------------------------------------------
| 0 | 1 | 2 | 3 | 4 | 5 | 6 | 7 | 8 | 9 | 10| 11| 12| 13| 14| 15|
| 16| 17| 18| 19|===| 21| 22| 23| 24| 25| 26| 27| 28| 29| 30| 31|
| 32| 33| 34| 35| 36| 37| 38| 39| 40| 41| 42| 43| 44| 45| 46| 47|
| 48| 49| 50| 51| 52| 53| 54|---| 56| 57| 58| 59| 60| 61| 62| 63|
| 64| 65| 66| 67| 68| 69| 70| 71| 72| 73| 74| 75| 76| 77| 78| 79|
| 80| . | 82| 83|===| 85| 86| 87| 88| 89| 90| 91| 92| 93| 94| 95|
| 96| 97|---| 99|===|101|===|103|104|105|106|107|108|===|===|111|
|112|113|114|115|116|117|118|119|120|121|===|123| . |125|126| . |
| . |===|===|===|132|133|134|===|136|137|138|139|140|141|142|143|
|144|145|146|147|148|149|150|151|152|153|154|155|156|157|158|159|
|===|===|162|163|164|165|166|167|168| . |170|171|172|173|174|175|
|176|177|178|179|180|===|182|183|184|185|186|187|188|189|190|191|
|192|193|194|195|196|197|198|199|200|201|202|203|204|205|206|207|
|208|209|210|211|212|213|214|215|216|217|218|219|220|221|222|---|
|224|225|226|227|228|229|230|231|232|233|234|235|236| . |238|===|
|240|241|242|243|244|245|246|---|===|249|250|===|252|253|254|255|
-----------------------------------------------------------------

=============================================================================
Full list
=============================================================================
000
001
002
003
004
005
006
007
008
009
010
011
013
015
016
017
018
019
021
022
023
024
025
026
027
028
030
032
033
034
036
037
038
039
040
041
042
043
044
045
046
047
048
049
052
053
056
057
058
059
060
061
062
064
065
066
067
068
069
070
071
072
073
074
075
076
078
079
080
082
083
085
086
087
088
090
091
092
093
094
095
096
101
105
111
112
113
114
115
117
118
119
121
132
133
136
137
138
139
141
142
143
144
147
148
149
150
152
153
154
155
156
157
158
159
168
177
180
182
184
185
187
189
190
191
192
193
194
195
206
207
209
210
211
216
222
225
226
227
228
229
230
231
232
233
234
235
240
241
243
244
245
246
250
255
262
268
290
521
